1
0
0
0
0
0
0
0
0
0
0
0
0
0
0
0
0
0
0
0
0
1
7
7
34
64
105
148
211
281
412
558
648
915
997
1232
1391
1778
1809
2078
2117
2283
2277
2242
2277
2192
2078
1954
1978
1739
1664
1478
1417
1344
1215
1225
1128
1104
1098
1095
1061
1090
1086
1144
1057
1087
1134
1146
1096
1131
1157
1190
1260
1310
1340
1463
1539
1728
1912
2043
2090
2183
2079
2048
1973
1959
1940
1812
1746
1743
1632
1621
1688
1620
1577
1566
1575
1689
1682
1767
1819
1892
2013
2211
2250
2263
2375
2284
2422
2216
2190
2161
1976
1850
2015
2018
1905
1961
1985
2074
2097
2072
2049
2088
2058
1980
2096
2038
2141
2243
2299
2425
2485
2450
2495
2562
2484
2530
2552
2401
2391
2273
2222
2094
1788
1771
1660
1589
1440
1415
1365
1156
1146
1209
1115
1122
1080
970
895
822
778
671
702
628
590
581
596
582
614
577
644
681
706
689
702
712
698
688
663
659
696
682
693
757
782
797
798
798
886
908
1025
980
1019
1054
1040
1049
1032
934
904
835
831
734
622
571
482
402
332
272
245
193
154
145
140
132
103
90
80
67
37
39
51
24
23
14
9
13
3
7
0
0
1
1
1
0
0
0
0
0
1
1
0
0
0
0
0
0
0
0
0
0
0
0
0
0
0
0
