13
0
0
2
0
1
0
0
0
0
2
1
1
1
2
1
1
1
0
1
0
1
2
6
24
54
89
135
193
261
394
530
616
872
958
1189
1343
1707
1725
1981
2010
2178
2143
2119
2161
2071
1967
1850
1857
1612
1553
1384
1321
1251
1119
1143
1027
1017
1044
1014
986
999
1009
1054
974
999
1064
1061
1031
1058
1081
1124
1210
1258
1292
1403
1487
1690
1863
1997
2058
2140
2036
2005
1920
1918
1897
1771
1705
1702
1583
1580
1650
1589
1546
1533
1556
1669
1657
1730
1805
1874
1989
2196
2227
2244
2355
2265
2403
2196
2168
2133
1953
1822
1987
1996
1870
1923
1947
2023
2028
2015
1986
2008
1968
1872
1969
1877
1992
2092
2118
2254
2345
2343
2379
2460
2396
2435
2480
2300
2299
2203
2158
2035
1746
1747
1624
1571
1407
1393
1336
1126
1137
1186
1094
1110
1058
953
876
816
744
662
677
616
571
559
582
564
590
554
615
655
687
662
666
679
678
654
625
633
670
687
695
752
771
760
788
791
844
875
969
930
988
1038
984
985
949
852
823
764
750
631
521
447
363
323
281
244
228
196
170
173
177
164
166
135
116
132
89
104
112
80
94
76
99
79
74
121
77
87
102
105
99
102
92
106
106
94
108
102
97
78
62
76
68
46
51
63
49
56
56
73
123
276
493
6163
